0.3593313694000244 
0.032850295305252075 
-0.226034477353096 
-0.039479635655879974 
-0.29338598251342773 
0.18539296090602875 
0.531074583530426 
-0.18276400864124298 
-0.06895668804645538 
-0.16455771028995514 
0.16612587869167328 
0.05666518583893776 
0.02675640396773815 
0.3128039538860321 
0.07055415958166122 
0.04247135668992996 
0.3420097231864929 
-0.07634411752223969 
-0.13898895680904388 
-0.23655171692371368 
-0.1151394248008728 
-0.36468997597694397 
-0.047281473875045776 
-0.06741473078727722 
0.2921832799911499 
-0.5043777227401733 
-0.14407970011234283 
0.40361177921295166 
0.061031099408864975 
0.14041557908058167 
0.32321786880493164 
-0.0594564750790596 
0.0754157155752182 
-1.5020051002502441 
-0.11139801889657974 
-0.06985025852918625 
0.22423815727233887 
0.026942269876599312 
-0.14743545651435852 
0.1550433188676834 
0.01260476466268301 
0.017933739349246025 
0.05907421186566353 
-0.18646451830863953 
-0.019124271348118782 
0.10927606374025345 
-0.7367668151855469 
1.0034903287887573 
0.3080388605594635 
-0.23707185685634613 
0.6305293440818787 
0.38436830043792725 
0.25937095284461975 
0.2429264634847641 
-0.36114680767059326 
0.3090127110481262 
-0.04760272055864334 
0.28997525572776794 
0.37271028757095337 
-0.2470443695783615 
0.02925748936831951 
0.2850758135318756 
-0.1521042287349701 
0.2155294269323349 
-0.3476042151451111 
0.13940107822418213 
0.5498061776161194 
0.49400684237480164 
0.10749886184930801 
0.1058562844991684 
0.2315530925989151 
1.0892043113708496 
-0.23939679563045502 
0.48556503653526306 
0.01311058085411787 
-0.19360381364822388 
-0.04974011331796646 
0.3280216455459595 
-0.28223127126693726 
0.158389151096344 
0.1292976289987564 
-0.22487322986125946 
0.07448939979076385 
-0.060373518615961075 
-0.07025941461324692 
0.40063098073005676 
0.13916735351085663 
-0.07537374645471573 
0.3203079402446747 
-0.0784100815653801 
0.2952572703361511 
0.08693984895944595 
0.30950498580932617 
0.6027950644493103 
0.08814859390258789 
0.5458285808563232 
0.32253700494766235 
0.3685457706451416 
-0.2658687233924866 
-0.44886067509651184 
-0.15703272819519043 
0.47119075059890747 
-0.3022889196872711 
-0.1992521733045578 
0.24035032093524933 
-0.29318779706954956 
-0.18583248555660248 
0.17887650430202484 
0.35051229596138 
-0.08933393657207489 
0.8786043524742126 
-0.24069029092788696 
0.05118001252412796 
0.20164163410663605 
1.0254477262496948 
-0.3150382339954376 
0.013939018361270428 
0.09208272397518158 
-0.29476144909858704 
0.5951194763183594 
0.14945991337299347 
0.3232223093509674 
-0.056717172265052795 
0.2042957842350006 
0.2521694004535675 
0.25688105821609497 
0.10378760099411011 
-0.2128232717514038 
0.10304882377386093 
-0.03470280021429062 
0.1405552625656128 
-0.17221426963806152 
0.28700897097587585 
0.21139727532863617 
0.8876068592071533 
0.00037613147287629545 
0.11681871116161346 
0.8666821122169495 
-0.09429328143596649 
0.40594062209129333 
-0.15187092125415802 
-0.12026072293519974 
0.24753932654857635 
-0.18703585863113403 
0.004212961997836828 
0.13643288612365723 
0.1343967616558075 
0.08369195461273193 
-0.4152144193649292 
0.07011238485574722 
0.5244163870811462 
0.2995418906211853 
0.11792019754648209 
-0.242151141166687 
0.04606649652123451 
0.14619186520576477 
0.13759328424930573 
0.24178150296211243 
0.27462223172187805 
0.04167397320270538 
0.007906678132712841 
0.2026510387659073 
-0.0793248638510704 
0.08628284931182861 
0.007388981059193611 
-0.09416771680116653 
0.1288900375366211 
-0.10538521409034729 
-0.07766979187726974 
-0.22739961743354797 
0.07426895946264267 
-1.0651532411575317 
0.4915790259838104 
0.30479592084884644 
0.4118053913116455 
-0.47762131690979004 
0.20053111016750336 
-0.566645085811615 
0.40008866786956787 
0.10341212898492813 
-0.10151119530200958 
0.22548212110996246 
0.024443814530968666 
-0.07851388305425644 
-0.18029338121414185 
-0.40541404485702515 
0.09430832415819168 
0.0026305627543479204 
-0.02530893310904503 
0.250539094209671 
-0.19730356335639954 
-0.01670704409480095 
-0.046393584460020065 
-0.3793441951274872 
0.3876684904098511 
0.28563669323921204 
0.15044772624969482 
-0.2226656675338745 
-0.08872047066688538 
-0.10798045247793198 
-0.03488294407725334 
0.40459302067756653 
-0.14807121455669403 
-0.25700825452804565 
0.5447689890861511 
0.9864410758018494 
0.10910592973232269 
-0.027358099818229675 
0.04007896035909653 
0.3199777603149414 
-0.030554935336112976 
-0.18636418879032135 
0.024450603872537613 
-0.23831668496131897 
-0.12945957481861115 
-0.18183572590351105 
0.5124426484107971 
-0.22619862854480743 
1.031404972076416 
0.5383048057556152 
0.06791716814041138 
0.05403248965740204 
-0.5765478014945984 
0.4800920784473419 
-0.05138684809207916 
0.19840112328529358 
0.10717973858118057 
0.23263739049434662 
0.3557547628879547 
0.19859515130519867 
0.08962980657815933 
-0.0721951276063919 
0.4742240011692047 
0.06746798753738403 
-0.36618369817733765 
-0.2269873172044754 
0.5286033153533936 
0.4269919991493225 
-0.6018162369728088 
0.6608748435974121 
-0.22950479388237 
0.19541645050048828 
0.2723650336265564 
0.4398000240325928 
-0.057093195617198944 
0.013808994553983212 
0.2797364890575409 
-0.053229741752147675 
-0.07642266899347305 
0.7792477011680603 
-0.041446514427661896 
0.20952574908733368 
0.07244937121868134 
0.13545139133930206 
0.3243744969367981 
0.23043575882911682 
0.06124059855937958 
0.024164827540516853 
0.6632789969444275 
0.3265247046947479 
0.14061343669891357 
-0.15116243064403534 
0.5496821999549866 
-0.11268061399459839 
-0.12926934659481049 
-0.10881663113832474 
0.02229909971356392 
0.31622129678726196 
-0.10227042436599731 
0.3458024561405182 
0.3085682988166809 
0.17085783183574677 
-0.22068125009536743 
0.3125358521938324 
-0.24856270849704742 
0.2324809581041336 
0.15384989976882935 
0.17562784254550934 
0.1171879991889 
0.04052343964576721 
-0.1508755087852478 
0.1882452517747879 
-0.05492403730750084 
0.10625461488962173 
0.036783941090106964 
-0.07273554056882858 
-0.09510190039873123 
-0.24684399366378784 
-0.6325674057006836 
0.1412140280008316 
0.24099312722682953 
-0.08841617405414581 
0.02699640393257141 
-0.17366085946559906 
-0.17508317530155182 
0.07138573378324509 
0.2138277143239975 
0.3365384340286255 
0.21213094890117645 
0.05453939363360405 
-0.006945057772099972 
0.0310031920671463 
-0.155452162027359 
0.21401207149028778 
-0.22260276973247528 
0.18661284446716309 
0.08902107179164886 
0.12297846376895905 
0.25941285490989685 
0.5643954873085022 
-0.2386312633752823 
-0.06442894041538239 
0.020516809076070786 
-0.2700377106666565 
-0.23057043552398682 
-0.019147230312228203 
0.13701538741588593 
-0.09568779170513153 
0.2820355296134949 
0.5289840698242188 
0.2847720682621002 
-0.3232661485671997 
0.0491824671626091 
-0.1790669858455658 
-0.0815175473690033 
-0.2707967460155487 
-0.10365504026412964 
0.1280124932527542 
0.022236241027712822 
-0.3182573914527893 
-0.016243761405348778 
-0.027540042996406555 
0.1960316300392151 
0.10707110166549683 
0.188929483294487 
0.03346266970038414 
0.40176457166671753 
-0.012401897460222244 
0.13782170414924622 
0.16401563584804535 
1.9552322626113892 
-0.42027372121810913 
0.24402084946632385 
-0.12342752516269684 
-0.034367240965366364 
-0.06913857907056808 
0.026411518454551697 
-0.35101187229156494 
-0.13541649281978607 
0.1949615627527237 
-0.12475866824388504 
0.5738093852996826 
0.39655542373657227 
-0.8092679977416992 
-0.021565325558185577 
0.012396751902997494 
-0.013674048706889153 
-0.08079586923122406 
0.17967256903648376 
-0.23393727838993073 
-0.030045095831155777 
0.33873695135116577 
0.2705502510070801 
-0.29592880606651306 
0.30893704295158386 
-0.2742798328399658 
0.0071295625530183315 
-0.10489756613969803 
0.047140538692474365 
-0.04270373657345772 
-0.4955325722694397 
0.03983966261148453 
0.1572994440793991 
0.09752825647592545 
0.3259429335594177 
-0.05457545444369316 
0.1957002729177475 
-0.04641532525420189 
-0.35427987575531006 
-0.19980847835540771 
0.14044028520584106 
-0.2251352220773697 
0.47145915031433105 
-0.3014335632324219 
0.3119066655635834 
-0.12423636019229889 
-0.02776752971112728 
0.42181217670440674 
-0.28157398104667664 
-0.10726270824670792 
1.0687918663024902 
0.09379510581493378 
-0.13365383446216583 
0.20226538181304932 
-0.3379669189453125 
-0.6679653525352478 
0.10777653753757477 
1.366368055343628 
0.24783551692962646 
0.11742717027664185 
-0.3040408790111542 
0.2840481102466583 
-0.254504531621933 
-0.03511245921254158 
-0.3392505943775177 
-0.1690170168876648 
0.18606789410114288 
-0.013935644179582596 
-0.05153784900903702 
0.2302110642194748 
-0.1170097142457962 
0.42934149503707886 
0.6319639086723328 
0.0793047547340393 
0.30143624544143677 
0.14081214368343353 
-0.3070119619369507 
0.25391101837158203 
0.016306478530168533 
-0.11939769983291626 
0.025318477302789688 
-0.13332471251487732 
0.6939369440078735 
0.38293686509132385 
0.0029219449497759342 
0.06321321427822113 
0.5301742553710938 
0.010622289963066578 
0.6418845653533936 
0.3320003151893616 
0.3387221395969391 
-0.0394071489572525 
-0.37656623125076294 
0.038848139345645905 
0.8039737343788147 
0.3064771294593811 
0.282236248254776 
-0.026811180636286736 
0.13845103979110718 
-0.01534261740744114 
-0.05291998013854027 
0.12154295295476913 
-0.15540991723537445 
-0.08904767781496048 
0.8064982295036316 
-0.05970356985926628 
-0.059117015451192856 
0.3056347072124481 
0.19884225726127625 
-0.1576959788799286 
-0.199308380484581 
-0.040493518114089966 
0.9812217950820923 
0.27588361501693726 
-0.047175537794828415 
-0.27287206053733826 
-0.015240155160427094 
-0.21847273409366608 
0.2174607813358307 
-0.17900881171226501 
-0.22471459209918976 
0.12001536041498184 
-0.05572924762964249 
-0.01202481985092163 
0.37471380829811096 
-0.010734069161117077 
-0.26814135909080505 
-0.2141178548336029 
-0.12870824337005615 
0.2695750892162323 
-0.0733715295791626 
-0.13719454407691956 
0.09184890985488892 
-0.13219717144966125 
-0.013569683767855167 
-0.15389584004878998 
0.12405288219451904 
0.007671184837818146 
-0.04460460692644119 
0.24321535229682922 
0.41786107420921326 
0.6244819164276123 
-0.19674433767795563 
-0.06948716938495636 
-0.027964120730757713 
0.03516646474599838 
-0.14022113382816315 
0.5695785880088806 
0.08176806569099426 
0.6551851630210876 
0.06908765435218811 
-0.06296966224908829 
0.6960687637329102 
-0.036766417324543 
0.7157564163208008 
0.3101177513599396 
0.04436240345239639 
-0.10133177787065506 
-0.2556219696998596 
-0.23809534311294556 
0.492431640625 
-0.09151845425367355 
0.326892614364624 
0.10688649117946625 
0.3282627463340759 
0.3637404143810272 
0.22822317481040955 
-0.24598565697669983 
0.17438925802707672 
0.02916398085653782 
-0.2664157450199127 
0.3540645241737366 
-0.14171597361564636 
0.4379280209541321 
0.03270207718014717 
0.2473927140235901 
0.058061204850673676 
0.9742302894592285 
1.330868124961853 
-0.37980014085769653 
0.07088086754083633 
-0.2165592908859253 
-0.018709994852542877 
-0.2493516057729721 
-0.19391728937625885 
-0.38137444853782654 
0.216803178191185 
0.17834161221981049 
0.18548280000686646 
-0.09437713027000427 
-0.13563323020935059 
-0.12205427885055542 
-0.013291733339428902 
-0.3806881904602051 
0.12123657763004303 
-0.3300410807132721 
-0.24816152453422546 
-0.17396928369998932 
0.061531100422143936 
0.48483628034591675 
0.16491471230983734 
-0.007993104867637157 
0.3178340792655945 
0.16756337881088257 
-0.09462429583072662 
-0.21139858663082123 
-0.057016368955373764 
-0.06622030586004257 
0.05753473937511444 
0.20700861513614655 
-0.23032741248607635 
0.09888588637113571 
-0.29766348004341125 
0.23220428824424744 
0.36946311593055725 
0.23880203068256378 
-0.1476997286081314 
-0.3029581308364868 
-0.0035603840369731188 
-0.15738479793071747 
0.20785698294639587 
-0.24131786823272705 
0.35702767968177795 
-0.03075988031923771 
0.028789987787604332 
0.06647555530071259 
-0.2736942172050476 
0.2650594711303711 
0.04036760702729225 
-0.033426668494939804 
0.29520753026008606 
0.10101738572120667 
0.06390172988176346 
0.15319441258907318 
-0.2122374325990677 
0.12209685891866684 
-0.1037927195429802 
0.4152074456214905 
-0.027760060504078865 
0.5389316082000732 
0.33101117610931396 
0.6583203077316284 
0.16751068830490112 
0.28832587599754333 
0.08352485299110413 
-0.1053132489323616 
0.013627118431031704 
-0.20739498734474182 
0.33427125215530396 
0.33150434494018555 
0.03754568472504616 
0.0032083927653729916 
0.16794274747371674 
0.010936971753835678 
-0.15871600806713104 
-0.211150124669075 
0.06860758364200592 
0.17218677699565887 
-0.0640321597456932 
0.5275025367736816 
-0.2882006764411926 
-0.009265690110623837 
0.21166907250881195 
0.2136881947517395 
0.21569354832172394 
0.13161970674991608 
-0.06934041529893875 
-0.035324759781360626 
-0.1334550678730011 
0.5036187171936035 
-0.022637423127889633 
-0.34086865186691284 
-0.06604885309934616 
0.5982210040092468 
-0.21069836616516113 
-0.06829387694597244 
0.22204387187957764 
0.20515060424804688 
0.07367726415395737 
0.12852178514003754 
0.4862405061721802 
0.5678256154060364 
0.06000005081295967 
-0.1321440190076828 
0.04468375816941261 
-0.0165422186255455 
0.593755841255188 
-0.10838930308818817 
0.45775556564331055 
0.3142377734184265 
0.37930789589881897 
0.24799314141273499 
0.14208708703517914 
0.886651337146759 
-0.24120278656482697 
0.4448850452899933 
0.153302401304245 
0.06883028149604797 
0.3039940893650055 
-0.19664563238620758 
0.7491726279258728 
0.7237676382064819 
0.4390017092227936 
-0.14872601628303528 
0.04980398342013359 
0.08451192080974579 
-0.05298104137182236 
0.19969767332077026 
-0.004297799430787563 
-0.008004979230463505 
0.18725985288619995 
0.5784643292427063 
-0.008975784294307232 
0.18769262731075287 
0.3392012417316437 
-0.22288449108600616 
0.04417825862765312 
-0.09419184178113937 
0.19352933764457703 
-0.021052438765764236 
0.09535408020019531 
0.43994468450546265 
0.13278523087501526 
0.32045698165893555 
0.12390034645795822 
0.5173892378807068 
-0.37372297048568726 
-0.2795560657978058 
0.2529287040233612 
-0.18834634125232697 
0.3331396281719208 
0.0689837634563446 
-0.08497307449579239 
0.12977896630764008 
0.20802493393421173 
-0.09051905572414398 
0.2837711572647095 
0.08858798444271088 
0.053820908069610596 
-0.09731192141771317 
-0.16251817345619202 
-0.14529652893543243 
-0.20838749408721924 
0.3815425634384155 
0.5170587301254272 
0.006215501576662064 
0.5001250505447388 
-0.10471279919147491 
0.2769518196582794 
-0.2638714611530304 
0.30384930968284607 
-0.03143513202667236 
-0.008700610138475895 
-0.3103165030479431 
0.0159100703895092 
0.3314681947231293 
-0.30141356587409973 
-0.3226965665817261 
0.045016419142484665 
0.2275453805923462 
0.006851418409496546 
0.12975649535655975 
-0.23280879855155945 
-0.6920228004455566 
0.031830523163080215 
-0.030604925006628036 
0.09998267143964767 
0.8394477367401123 
0.5415889620780945 
0.18909841775894165 
-0.3303075432777405 
-0.03436581790447235 
-0.231087788939476 
0.11563428491353989 
-0.24135740101337433 
-0.26280108094215393 
0.27448606491088867 
0.5634480714797974 
0.8170137405395508 
0.031791649758815765 
-0.1697620302438736 
-0.29092416167259216 
-0.09429744631052017 
-0.09587281942367554 
0.4847448170185089 
0.24327616393566132 
-0.12369666993618011 
-0.05775553733110428 
0.15483425557613373 
-0.30805638432502747 
0.3698562681674957 
-0.04602542519569397 
-0.2934977412223816 
-0.13972045481204987 
-0.616212010383606 
0.2263677418231964 
-0.17677052319049835 
-0.06608723849058151 
0.4464561641216278 
0.025877203792333603 
0.24528081715106964 
0.06653274595737457 
0.1112314835190773 
0.1729731410741806 
0.10510136932134628 
-0.032062504440546036 
-0.15307554602622986 
-0.3206212520599365 
0.29978135228157043 
0.6298664808273315 
-0.3417697846889496 
0.29632115364074707 
0.1468859612941742 
0.08698084950447083 
0.1121411994099617 
-0.14165493845939636 
-0.06361406296491623 
0.19006787240505219 
0.6654813289642334 
0.5488220453262329 
0.028857367113232613 
0.19381076097488403 
0.10137686133384705 
-0.27301421761512756 
0.20375847816467285 
-0.11316363513469696 
0.6880492568016052 
-0.012494712136685848 
0.07458626478910446 
0.3607800006866455 
0.4458847939968109 
-0.1459100842475891 
0.6235377788543701 
-0.7336332201957703 
0.5027815699577332 
-0.021168937906622887 
-0.33481448888778687 
-0.22265346348285675 
0.16032178699970245 
0.03212558850646019 
-0.06164315342903137 
0.30992358922958374 
0.5866613984107971 
0.2067907750606537 
0.024135345593094826 
0.38585060834884644 
-0.06458409130573273 
0.09508613497018814 
0.02161233313381672 
-0.04362337291240692 
0.4254177510738373 
0.05001937225461006 
0.08055169880390167 
-0.1944589465856552 
0.21084697544574738 
-0.1126837506890297 
0.11661776900291443 
-0.007914154790341854 
-0.0019694387447088957 
-0.23297849297523499 
-0.4297999441623688 
0.3627254068851471 
-0.09170374274253845 
-0.051242031157016754 
-0.014934338629245758 
-0.12738975882530212 
-0.18203549087047577 
0.042230118066072464 
-0.04189147427678108 
0.33931949734687805 
0.01333970483392477 
-0.058731768280267715 
0.3492199778556824 
0.09873492270708084 
-0.2170131653547287 
0.2798515558242798 
0.1924656331539154 
-0.04340115934610367 
0.3778458833694458 
0.14256396889686584 
0.837537407875061 
0.6239969730377197 
-0.022075459361076355 
0.09982933104038239 
0.18732880055904388 
-0.22331129014492035 
0.15963438153266907 
-0.1858145296573639 
0.2531599700450897 
0.2152305543422699 
-0.0023861052468419075 
-0.04025671258568764 
-0.2666935920715332 
-0.17468005418777466 
-0.023076489567756653 
-0.15258201956748962 
-0.10363025963306427 
-0.1275169551372528 
-0.15164586901664734 
0.1280607432126999 
0.18035151064395905 
-0.009100206196308136 
0.05795998498797417 
-0.1665332317352295 
0.11214810609817505 
0.28087735176086426 
-0.23221568763256073 
0.0890522301197052 
0.23935000598430634 
-0.14905063807964325 
-0.11191911995410919 
0.12849946320056915 
-0.2179521769285202 
-0.1652442365884781 
0.09983018785715103 
-0.20639605820178986 
-0.1236015260219574 
-0.17652054131031036 
0.12932169437408447 
-0.13102449476718903 
0.17365752160549164 
0.16218245029449463 
0.07013141363859177 
0.2676211893558502 
0.2787472903728485 
0.2976197302341461 
0.5830234289169312 
0.010775646194815636 
0.18331007659435272 
-0.11876129359006882 
0.40109121799468994 
-0.1665147840976715 
-0.054406240582466125 
0.05933719128370285 
0.3016817569732666 
-0.2005232274532318 
0.6214084029197693 
-0.45171085000038147 
0.4172205924987793 
-0.22208108007907867 
0.704896092414856 
-0.08244066685438156 
-0.42699167132377625 
0.044954314827919006 
0.09234417974948883 
-0.13973595201969147 
0.9435448050498962 
0.11296357214450836 
0.07937905937433243 
-0.04942910000681877 
0.5833327770233154 
-0.22015979886054993 
-0.015190977603197098 
-0.197893887758255 
-0.0903291180729866 
-0.3605536222457886 
0.018231919035315514 
0.28182318806648254 
-0.23447972536087036 
-0.08756116777658463 
0.15531383454799652 
0.06848246604204178 
-0.07420031726360321 
-0.04993158578872681 
-0.005675943102687597 
0.07162034511566162 
-0.2504900395870209 
-0.9169067740440369 
-0.08795716613531113 
0.4426689147949219 
0.09861354529857635 
-0.10660482943058014 
-0.1810871958732605 
-0.06282654404640198 
-0.3828735649585724 
-0.25680112838745117 
-0.3201654553413391 
0.5591886639595032 
-0.1548016369342804 
-0.017770949751138687 
0.66667640209198 
0.3872128427028656 
0.1154087483882904 
-0.24462424218654633 
0.15540684759616852 
0.05963752791285515 
0.3370799124240875 
0.011456255801022053 
-0.2224215418100357 
-0.08382314443588257 
-0.20000877976417542 
-0.07143186777830124 
0.6159834861755371 
-0.19659854471683502 
0.8075299263000488 
0.16233833134174347 
-1.017367959022522 
0.04455450922250748 
0.14422906935214996 
-0.19794800877571106 
0.21928133070468903 
-0.08019047230482101 
0.0770961344242096 
-0.3260643482208252 
0.019330181181430817 
0.20787565410137177 
0.25537198781967163 
-0.17667949199676514 
1.0010535717010498 
0.4199850559234619 
0.19594484567642212 
-0.08758539706468582 
-0.10449369251728058 
0.13334739208221436 
-0.003464783076196909 
-0.18904323875904083 
0.56560879945755 
0.1495922952890396 
0.3934229612350464 
-0.10684435069561005 
0.2554168999195099 
-0.46300023794174194 
0.08125784993171692 
-0.1381056159734726 
-1.0183656215667725 
1.3887419700622559 
0.5812444686889648 
-0.19478371739387512 
-0.1611149162054062 
-0.09414538741111755 
0.10178105533123016 
0.0654493123292923 
-0.32878923416137695 
-0.21322154998779297 
0.084870345890522 
0.18393707275390625 
0.11912981420755386 
0.09844521433115005 
0.12229306250810623 
-0.025889534503221512 
-0.2039349228143692 
0.4712834656238556 
-0.12368431687355042 
0.05419309809803963 
-0.07759009301662445 
-0.009913594461977482 
-0.04135271534323692 
-0.10141565650701523 
0.10076189786195755 
0.16327254474163055 
0.0665898397564888 
0.37500619888305664 
0.27596384286880493 
-0.34009671211242676 
-0.261240154504776 
0.41650721430778503 
0.43689218163490295 
0.27216482162475586 
-0.21695151925086975 
0.4836800694465637 
-0.14359910786151886 
0.367514431476593 
0.062103211879730225 
-0.14367416501045227 
0.9542941451072693 
-0.16370438039302826 
-0.08879054337739944 
0.1195625513792038 
0.7692174315452576 
-0.2345883548259735 
-0.10012015700340271 
0.013495517894625664 
0.002898680977523327 
0.20304203033447266 
0.1509760022163391 
-0.147126242518425 
0.3279096186161041 
-0.31138816475868225 
-0.2442857027053833 
0.028506698086857796 
-0.003531223628669977 
-0.11514703929424286 
-0.39680951833724976 
0.06839878112077713 
